0.000000000000000000e+00 -6.568928349929548105e-02
1.000000000000000021e-03 2.106695510040539343e-01
2.000000000000000042e-03 1.343742846954902870e+00
3.000000000000000062e-03 -3.072081421832800530e+00
4.000000000000000083e-03 2.046816385488453349e+00
5.000000000000000104e-03 -4.788407172180865201e-01
6.000000000000000125e-03 2.666350315091993384e+00
7.000000000000000146e-03 3.446921155272200110e-01
8.000000000000000167e-03 -4.186174044692223539e+00
9.000000000000001055e-03 4.303492612834435960e+00
1.000000000000000021e-02 1.435825260496006672e+00
1.099999999999999936e-02 7.918916591240299230e-02
1.200000000000000025e-02 2.085565792367325422e+00
1.300000000000000114e-02 -1.997262205292160697e-01
1.400000000000000029e-02 2.755082403847064487e+00
1.499999999999999944e-02 5.392386682128929021e-01
1.600000000000000033e-02 -4.093675735112492831e+00
1.700000000000000122e-02 -5.611231223049126804e+00
1.800000000000000211e-02 -2.714493062709476545e-01
1.899999999999999953e-02 4.528222997495517932e-01
2.000000000000000042e-02 -3.110106190656898750e+00
2.100000000000000130e-02 1.332225378793959525e+00
2.199999999999999872e-02 -4.103327214192331596e-02
2.299999999999999961e-02 4.301109677396892650e-01
2.400000000000000050e-02 -4.128870010862154549e-01
2.500000000000000139e-02 -1.583723000811972925e-01
2.600000000000000228e-02 -1.702216231159861426e+00
2.699999999999999969e-02 -9.763299702350471954e-01
2.800000000000000058e-02 1.222805122679953227e+00
2.900000000000000147e-02 9.021224172045867462e-01
2.999999999999999889e-02 -5.612086567503710155e-01
3.099999999999999978e-02 -1.682084966812116278e+00
3.200000000000000067e-02 -2.332838654119934851e+00
3.300000000000000155e-02 -3.978845250240519160e+00
3.400000000000000244e-02 -2.034577638802480770e+00
3.500000000000000333e-02 -6.785678505298657015e+00
3.600000000000000422e-02 1.020521612412249812e+00
3.699999999999999817e-02 1.411631001057007673e+00
3.799999999999999906e-02 4.850914692543708995e+00
3.899999999999999994e-02 2.153080147297883329e-01
4.000000000000000083e-02 -2.635841010910100035e+00
4.100000000000000172e-02 -2.830095901182654750e+00
4.200000000000000261e-02 -2.884921940561536946e+00
4.300000000000000350e-02 2.502878326701186040e+00
4.399999999999999745e-02 3.045965837377282881e+00
4.499999999999999833e-02 2.696637046488274070e+00
4.599999999999999922e-02 -2.508808244770299734e-02
4.700000000000000011e-02 4.903866722808828627e+00
4.800000000000000100e-02 5.935130766669683977e-01
4.900000000000000189e-02 -2.195277619330741892e-01
5.000000000000000278e-02 2.626033737384831035e+00
5.100000000000000366e-02 -4.992341019843586913e+00
5.200000000000000455e-02 3.725666373655856400e+00
5.299999999999999850e-02 2.962371053750037397e+00
5.399999999999999939e-02 -1.566156020999066367e+00
5.500000000000000028e-02 -1.257930101920935684e+00
5.600000000000000117e-02 -1.438410567092692993e+00
5.700000000000000205e-02 -2.759593279447168257e+00
5.800000000000000294e-02 -5.355559924924051529e-01
5.900000000000000383e-02 3.306340168979738259e+00
5.999999999999999778e-02 1.656482907658007875e-02
6.099999999999999867e-02 -3.158212455232369376e+00
6.199999999999999956e-02 5.099074480528678066e-01
6.300000000000000044e-02 -2.486827932952941911e+00
6.400000000000000133e-02 8.619936913845360760e-01
6.500000000000000222e-02 9.405687953877656104e-01
6.600000000000000311e-02 -3.706831559393615194e+00
6.700000000000000400e-02 3.467653510729529209e+00
6.800000000000000488e-02 1.833373438469128480e+00
6.900000000000000577e-02 9.626606668240630382e-01
7.000000000000000666e-02 -3.154361331467725016e+00
7.100000000000000755e-02 3.217695579400781547e+00
7.200000000000000844e-02 3.919714424593419011e+00
7.299999999999999545e-02 -3.875754073399355182e+00
7.399999999999999634e-02 2.901097240981580505e-01
7.499999999999999722e-02 -1.424824435807773071e+00
7.599999999999999811e-02 1.705219670644448016e+00
7.699999999999999900e-02 1.487292170075260878e-01
7.799999999999999989e-02 -8.943991361815682994e-01
7.900000000000000078e-02 -9.195924567021379614e-01
8.000000000000000167e-02 -8.998990324999562862e-01
8.100000000000000255e-02 -7.723043079278720802e-01
8.200000000000000344e-02 -1.651104751604852705e+00
8.300000000000000433e-02 2.324377329521878366e+00
8.400000000000000522e-02 4.744603832080503736e+00
8.500000000000000611e-02 1.463420955559215031e+00
8.600000000000000699e-02 3.832161222512077359e+00
8.700000000000000788e-02 2.872765663858079854e+00
8.799999999999999489e-02 2.968667801521657434e+00
8.899999999999999578e-02 3.591338897441489486e-01
8.999999999999999667e-02 -3.194219450824659745e+00
9.099999999999999756e-02 2.967863727011942343e-01
9.199999999999999845e-02 3.371844727286721799e+00
9.299999999999999933e-02 -2.936532987373416947e+00
9.400000000000000022e-02 -3.300931527765359697e+00
9.500000000000000111e-02 2.253755713141987194e-01
9.600000000000000200e-02 3.660281646846159642e-01
9.700000000000000289e-02 -2.540991201520562903e+00
9.800000000000000377e-02 -1.437923597415803112e+00
9.900000000000000466e-02 2.272965297033195498e+00
1.000000000000000056e-01 1.960681978951706705e+00
1.010000000000000064e-01 3.762653648303138976e+00
1.020000000000000073e-01 5.920913677490057481e+00
1.030000000000000082e-01 2.942064621833025306e+00
1.040000000000000091e-01 -1.422377044211292851e+00
1.049999999999999961e-01 -1.778178350554678211e+00
1.059999999999999970e-01 -3.406236951088112530e+00
1.069999999999999979e-01 5.105326473138942944e+00
1.079999999999999988e-01 2.278407407860734146e+00
1.089999999999999997e-01 2.984223902336164524e+00
1.100000000000000006e-01 -1.972256876471400799e+00
1.110000000000000014e-01 3.237728674537589946e+00
1.120000000000000023e-01 -2.121970734831755578e+00
1.130000000000000032e-01 -9.358017972065818535e-01
1.140000000000000041e-01 -2.273218637962179933e+00
1.150000000000000050e-01 -2.791679133584153760e+00
1.160000000000000059e-01 4.139936150601550846e-01
1.170000000000000068e-01 -1.440307015026317750e+00
1.180000000000000077e-01 -2.953844168427190997e+00
1.190000000000000085e-01 -2.020057100806639028e+00
1.199999999999999956e-01 8.679460678017236752e-01
1.209999999999999964e-01 1.979961991096254703e+00
1.219999999999999973e-01 4.701317966785829583e-01
1.229999999999999982e-01 -3.589374533365343733e+00
1.239999999999999991e-01 -1.432859801024552460e-01
1.250000000000000000e-01 -6.338722473137121227e+00
1.260000000000000009e-01 2.013354377867769607e+00
1.270000000000000018e-01 3.968565825252230450e+00
1.280000000000000027e-01 4.766910264013523246e+00
1.290000000000000036e-01 -2.634348850359295557e+00
1.300000000000000044e-01 -5.171672936242725171e+00
1.310000000000000053e-01 3.565261903481586003e+00
1.320000000000000062e-01 -2.016535952029967049e+00
1.330000000000000071e-01 -1.943428872085865677e+00
1.340000000000000080e-01 5.323735424061723620e+00
1.350000000000000089e-01 -8.902507376307856601e-01
1.360000000000000098e-01 -4.267470560486778197e+00
1.370000000000000107e-01 -4.342870135926733433e+00
1.380000000000000115e-01 -7.945947982749812510e-01
1.390000000000000124e-01 -1.919723236876116124e+00
1.400000000000000133e-01 -2.458515088012077854e+00
1.410000000000000142e-01 -8.261541510865980653e-01
1.420000000000000151e-01 -9.019138235523151970e-01
1.430000000000000160e-01 1.857401022715170935e+00
1.440000000000000169e-01 2.797009209580579636e+00
1.449999999999999900e-01 -1.899214019539386733e+00
1.459999999999999909e-01 6.562366760071006722e-01
1.469999999999999918e-01 2.156302993526081124e+00
1.479999999999999927e-01 1.826702209125571130e+00
1.489999999999999936e-01 -6.852636118963012501e-02
1.499999999999999944e-01 1.724509164205309808e-01
1.509999999999999953e-01 3.335899833994419583e-01
1.519999999999999962e-01 1.025822792055218757e+00
1.529999999999999971e-01 5.283573461816345684e+00
1.539999999999999980e-01 -2.220841100423862180e+00
1.549999999999999989e-01 -4.199696849592568171e+00
1.559999999999999998e-01 -4.678590718173290419e+00
1.570000000000000007e-01 -1.643337372937573537e+00
1.580000000000000016e-01 1.878558642651503297e+00
1.590000000000000024e-01 2.886190240875465385e+00
1.600000000000000033e-01 2.413476945830962617e+00
1.610000000000000042e-01 2.498718721062465065e-02
1.620000000000000051e-01 -5.926617351178704585e-01
1.630000000000000060e-01 -1.603381520873739197e+00
1.640000000000000069e-01 -1.674199760710158635e+00
1.650000000000000078e-01 -4.029590829130548002e+00
1.660000000000000087e-01 1.345432762373991231e+00
1.670000000000000095e-01 2.423215824679534780e+00
1.680000000000000104e-01 4.206405285459959842e-01
1.690000000000000113e-01 5.979796285867654548e-01
1.700000000000000122e-01 -1.141629779987594073e-01
1.710000000000000131e-01 2.163870231015438406e-01
1.720000000000000140e-01 -2.563032215975844963e+00
1.730000000000000149e-01 -2.831672499325323500e+00
1.740000000000000158e-01 -9.331973202968035785e-01
1.750000000000000167e-01 -5.965244005441107333e+00
1.759999999999999898e-01 1.787016430278803414e+00
1.769999999999999907e-01 -2.346307651871937239e+00
1.779999999999999916e-01 -1.718579617167727225e+00
1.789999999999999925e-01 5.511195016641388111e-01
1.799999999999999933e-01 -3.900234493594030294e+00
1.809999999999999942e-01 -2.093730585746575446e-01
1.819999999999999951e-01 2.823171177670763754e+00
1.829999999999999960e-01 2.120726738157072244e+00
1.839999999999999969e-01 1.093580906798763630e+00
1.849999999999999978e-01 3.014265175400194785e-01
1.859999999999999987e-01 3.064532657676488192e+00
1.869999999999999996e-01 1.851807644977419898e+00
1.880000000000000004e-01 1.614971104177537198e+00
1.890000000000000013e-01 3.137674746420317184e+00
1.900000000000000022e-01 -3.141587602234064747e+00
1.910000000000000031e-01 5.737689189466770756e+00
1.920000000000000040e-01 5.976107871580319530e-01
1.930000000000000049e-01 -1.900989424874619527e+00
1.940000000000000058e-01 1.220403878977505574e+00
1.950000000000000067e-01 1.480045199731781613e+00
1.960000000000000075e-01 3.399621809088169133e-01
1.970000000000000084e-01 -1.262775662082984640e+00
1.980000000000000093e-01 3.245800429683633581e+00
1.990000000000000102e-01 1.333987994264968835e+00
2.000000000000000111e-01 1.617210595425794484e+00
2.010000000000000120e-01 9.124644523998770573e-02
2.020000000000000129e-01 2.980786848524111576e+00
2.030000000000000138e-01 1.489123409962060718e+00
2.040000000000000147e-01 -2.641426664255826395e+00
2.050000000000000155e-01 4.214461510720839854e+00
2.060000000000000164e-01 -2.743445011107052967e-01
2.070000000000000173e-01 -4.022387273177749023e+00
2.080000000000000182e-01 -2.604049964503854397e+00
2.089999999999999913e-01 1.652500282307088897e-01
2.099999999999999922e-01 -1.588844876272891282e+00
2.109999999999999931e-01 1.267080169071507889e+00
2.119999999999999940e-01 -1.006778287671719729e+00
2.129999999999999949e-01 -9.335205720256499751e-01
2.139999999999999958e-01 -4.303210485297157994e+00
2.149999999999999967e-01 -5.900259224367149891e+00
2.159999999999999976e-01 -2.446447358232893610e+00
2.169999999999999984e-01 3.416968864450251608e-01
2.179999999999999993e-01 3.259439292122224607e+00
2.190000000000000002e-01 -1.084957532410479875e-02
2.200000000000000011e-01 -1.753089816791860933e+00
2.210000000000000020e-01 1.426765551191254477e+00
2.220000000000000029e-01 1.320284196280956834e+00
2.230000000000000038e-01 9.193520733361698616e-01
2.240000000000000047e-01 -2.168491925257280073e+00
2.250000000000000056e-01 9.648635949894149855e-01
2.260000000000000064e-01 3.995823499581998561e+00
2.270000000000000073e-01 3.765372513604146931e+00
2.280000000000000082e-01 2.225075177248282632e+00
2.290000000000000091e-01 8.215231382863728005e-01
2.300000000000000100e-01 2.793308909697570508e-01
2.310000000000000109e-01 1.940419178637230013e+00
2.320000000000000118e-01 2.152943843609171015e+00
2.330000000000000127e-01 -2.117596292129158897e+00
2.340000000000000135e-01 -2.509640980328811555e+00
2.350000000000000144e-01 5.914109736483272872e-01
2.360000000000000153e-01 4.580235312827847238e+00
2.370000000000000162e-01 -2.948632184880794593e+00
2.380000000000000171e-01 -2.423123485542240552e+00
2.390000000000000180e-01 5.307456298037860343e-01
2.399999999999999911e-01 1.721994011332359076e+00
2.409999999999999920e-01 1.735618849537237551e+00
2.419999999999999929e-01 -2.572568840605513163e+00
2.429999999999999938e-01 2.278650970547795307e+00
2.439999999999999947e-01 -6.788840511570239933e-01
2.449999999999999956e-01 -6.753962877413790533e-01
2.459999999999999964e-01 -3.752033455099953452e-01
2.469999999999999973e-01 -2.878716475825103149e+00
2.479999999999999982e-01 -1.013391067588973460e+00
2.489999999999999991e-01 1.813447482165523095e+00
2.500000000000000000e-01 -2.242955587222232872e+00
2.510000000000000009e-01 -4.678335046979126943e+00
2.520000000000000018e-01 2.206141916390813584e+00
2.530000000000000027e-01 -3.015490014910482408e+00
2.540000000000000036e-01 8.244150274919259669e-02
2.550000000000000044e-01 5.576524940183169576e-01
2.560000000000000053e-01 -1.327453252855503862e-01
2.570000000000000062e-01 -2.528329186028540398e+00
2.580000000000000071e-01 2.194440236773883335e+00
2.590000000000000080e-01 -1.190620359830210084e+00
2.600000000000000089e-01 3.788067593737137972e+00
2.610000000000000098e-01 -2.065107555212353230e+00
2.620000000000000107e-01 -1.426014454636617135e+00
2.630000000000000115e-01 1.583618488537182012e+00
2.640000000000000124e-01 3.634451743246431832e+00
2.650000000000000133e-01 -2.376549348163549791e+00
2.660000000000000142e-01 3.443502901874498701e+00
2.670000000000000151e-01 -2.565257815313843004e+00
2.680000000000000160e-01 -9.134767487375528017e-01
2.690000000000000169e-01 9.353434599030829855e-01
2.700000000000000178e-01 2.597908980602802398e+00
2.710000000000000187e-01 5.876346784409433255e+00
2.720000000000000195e-01 4.698359670730354321e-01
2.730000000000000204e-01 1.292981447811948126e+00
2.740000000000000213e-01 -8.626216466891916124e-01
2.750000000000000222e-01 1.385613366326745588e-01
2.760000000000000231e-01 -1.716804340111355742e+00
2.770000000000000240e-01 -1.389971633719900179e+00
2.780000000000000249e-01 2.106073467596541793e+00
2.790000000000000258e-01 1.009630348708018710e+00
2.800000000000000266e-01 1.366909382136136664e+00
2.810000000000000275e-01 -3.937125939662327490e+00
2.820000000000000284e-01 -2.502223424801410800e+00
2.830000000000000293e-01 -3.361967342509704970e+00
2.840000000000000302e-01 6.010705623421225496e+00
2.850000000000000311e-01 1.631259864090815581e+00
2.860000000000000320e-01 1.139690509160047682e+01
2.870000000000000329e-01 5.110476494365308042e+00
2.880000000000000338e-01 1.394073099402914462e+00
2.889999999999999791e-01 2.836324023417315043e+00
2.899999999999999800e-01 -2.558526742278354860e+00
2.909999999999999809e-01 -1.384352591483656969e+00
2.919999999999999818e-01 -5.527380908581077890e+00
2.929999999999999827e-01 1.278526008117690516e-01
2.939999999999999836e-01 1.336474182880893036e+00
2.949999999999999845e-01 -1.616050021839922302e+00
2.959999999999999853e-01 -5.711467186508370375e+00
2.969999999999999862e-01 -2.695933018882087140e+00
2.979999999999999871e-01 5.074482084750915334e-01
2.989999999999999880e-01 1.680414761769486232e+00
2.999999999999999889e-01 1.951599745671186881e+00
3.009999999999999898e-01 3.911633772564400147e+00
3.019999999999999907e-01 3.531090282553300597e+00
3.029999999999999916e-01 1.116554434805780094e+00
3.039999999999999925e-01 4.592283768202930716e+00
3.049999999999999933e-01 -3.382567948439086258e+00
3.059999999999999942e-01 -3.197595781851315433e+00
3.069999999999999951e-01 3.824154763540067670e+00
3.079999999999999960e-01 1.135034333757564129e+00
3.089999999999999969e-01 -2.026768366834470037e+00
3.099999999999999978e-01 1.944718420930629854e+00
3.109999999999999987e-01 8.334074270042691746e-01
3.119999999999999996e-01 -1.050903898762774125e+00
3.130000000000000004e-01 -1.174182103010885880e+00
3.140000000000000013e-01 -8.332304400014074464e-01
3.150000000000000022e-01 -4.227732101402443377e+00
3.160000000000000031e-01 -1.990704807198086179e+00
3.170000000000000040e-01 -2.990298493536516222e+00
3.180000000000000049e-01 -1.490803680741711768e+00
3.190000000000000058e-01 1.485824446580543690e+00
3.200000000000000067e-01 2.752222353869489879e+00
3.210000000000000075e-01 -3.765973915837649066e+00
3.220000000000000084e-01 3.040520640789094120e+00
3.230000000000000093e-01 6.458461012428598380e+00
3.240000000000000102e-01 3.013455348703427461e+00
3.250000000000000111e-01 3.640426744116990854e+00
3.260000000000000120e-01 -7.093545862962500337e-01
3.270000000000000129e-01 8.548973633961916008e-01
3.280000000000000138e-01 1.798001103159120984e+00
3.290000000000000147e-01 1.614232199075865237e+00
3.300000000000000155e-01 -3.854561589756956064e+00
3.310000000000000164e-01 3.070483068256153025e+00
3.320000000000000173e-01 -1.795075281002479484e+00
3.330000000000000182e-01 -2.756796032190178991e+00
3.340000000000000191e-01 -2.271042303248756777e+00
3.350000000000000200e-01 -1.697430638431869365e+00
3.360000000000000209e-01 1.779575840273961651e+00
3.370000000000000218e-01 2.437389457985839059e+00
3.380000000000000226e-01 -2.856317944167491518e+00
3.390000000000000235e-01 1.424753333946081835e+00
3.400000000000000244e-01 -1.781736209754913425e+00
3.410000000000000253e-01 -3.858323264305953959e+00
3.420000000000000262e-01 -7.602873501168823100e-01
3.430000000000000271e-01 6.416423089000127256e+00
3.440000000000000280e-01 4.623143877011910874e+00
3.450000000000000289e-01 2.239489705649246876e+00
3.460000000000000298e-01 9.526256802169889015e-01
3.470000000000000306e-01 -1.868203854211261561e+00
3.480000000000000315e-01 -1.339301217437937286e+00
3.490000000000000324e-01 -1.045596931271018937e+00
3.500000000000000333e-01 -9.861060790452583769e-01
3.510000000000000342e-01 -4.411443859059498429e+00
3.519999999999999796e-01 4.338710859869279735e-01
3.529999999999999805e-01 5.178282858224446450e+00
3.539999999999999813e-01 -3.183970249414060927e+00
3.549999999999999822e-01 -1.834360531710529374e+00
3.559999999999999831e-01 -3.203603188728313178e+00
3.569999999999999840e-01 -7.499015011160897748e-01
3.579999999999999849e-01 -1.194846306898092791e+00
3.589999999999999858e-01 -1.249717465724560883e+00
3.599999999999999867e-01 3.008240699717071864e-01
3.609999999999999876e-01 -1.046669411992904308e+00
3.619999999999999885e-01 -4.683986002852927655e+00
3.629999999999999893e-01 -3.242166293392531706e+00
3.639999999999999902e-01 -2.662382092003080736e+00
3.649999999999999911e-01 2.544779007773325663e+00
3.659999999999999920e-01 1.793012363158057010e+00
3.669999999999999929e-01 -1.103902241097978632e+00
3.679999999999999938e-01 6.812406624186221338e-01
3.689999999999999947e-01 3.429599402881514436e+00
3.699999999999999956e-01 -2.427205275025192677e+00
3.709999999999999964e-01 -1.867879497525671617e+00
3.719999999999999973e-01 -1.237258128375089639e+00
3.729999999999999982e-01 7.625817809675290437e-01
3.739999999999999991e-01 1.244230896056099045e+00
3.750000000000000000e-01 -4.113904818166411737e+00
3.760000000000000009e-01 -1.309171375364500678e+00
3.770000000000000018e-01 -2.287269018107053853e+00
3.780000000000000027e-01 1.065988568857693775e+00
3.790000000000000036e-01 1.398703918129041046e+00
3.800000000000000044e-01 -1.769828441334819202e-01
3.810000000000000053e-01 -5.136187934298204194e-01
3.820000000000000062e-01 -7.529910756991775589e-01
3.830000000000000071e-01 4.492165605729847577e-03
3.840000000000000080e-01 4.273830443468472851e+00
3.850000000000000089e-01 1.811093042658423968e+00
3.860000000000000098e-01 4.594955767698985838e+00
3.870000000000000107e-01 -2.106289178535935669e+00
3.880000000000000115e-01 -2.136496389356864700e+00
3.890000000000000124e-01 -3.289047777222044111e+00
3.900000000000000133e-01 -3.957201385721620390e-02
3.910000000000000142e-01 1.973328042452475728e-01
3.920000000000000151e-01 -1.991733340847345879e+00
3.930000000000000160e-01 -5.996696702324263439e-01
3.940000000000000169e-01 5.525034880764173595e-01
3.950000000000000178e-01 -2.002391728159004458e+00
3.960000000000000187e-01 7.696637404746133893e-01
3.970000000000000195e-01 -2.774638901398274626e+00
3.980000000000000204e-01 -2.363211836294309087e+00
3.990000000000000213e-01 -2.719484011692657077e+00
4.000000000000000222e-01 -7.348682179609511422e-02
4.010000000000000231e-01 -2.217080767690278620e+00
4.020000000000000240e-01 2.764907054631139616e+00
4.030000000000000249e-01 3.810983572203255232e+00
4.040000000000000258e-01 2.480776869651745820e+00
4.050000000000000266e-01 -2.272416608723354381e-01
4.060000000000000275e-01 2.608645832387616714e+00
4.070000000000000284e-01 -1.649523537742894508e+00
4.080000000000000293e-01 -3.051487812182598791e+00
4.090000000000000302e-01 -1.416484165112815941e+00
4.100000000000000311e-01 -3.418617476615419815e+00
4.110000000000000320e-01 2.968213893986359153e+00
4.120000000000000329e-01 1.444300825473068484e+00
4.130000000000000338e-01 -8.172827212160502341e+00
4.140000000000000346e-01 -3.041493752097347070e+00
4.150000000000000355e-01 1.313155979669926809e+00
4.160000000000000364e-01 1.760845611353826889e+00
4.169999999999999818e-01 2.817977132798968221e+00
4.179999999999999827e-01 2.967378856703034584e-02
4.189999999999999836e-01 1.496138339062287770e+00
4.199999999999999845e-01 1.961938894749339468e+00
4.209999999999999853e-01 -2.558471105763228781e+00
4.219999999999999862e-01 -6.163641987518022614e-01
4.229999999999999871e-01 9.276488970692386982e-02
4.239999999999999880e-01 -2.608958513638721666e-01
4.249999999999999889e-01 3.569195860912156792e+00
4.259999999999999898e-01 5.687037950356306659e+00
4.269999999999999907e-01 8.272666102278827260e-01
4.279999999999999916e-01 -7.783374741642687944e-01
4.289999999999999925e-01 -1.524494460822428010e+00
4.299999999999999933e-01 9.497910734125992960e+00
4.309999999999999942e-01 2.508765700516191188e-01
4.319999999999999951e-01 -4.178247956153116505e+00
4.329999999999999960e-01 1.656741965933311356e+00
4.339999999999999969e-01 -2.981750796748540377e+00
4.349999999999999978e-01 4.508904710127273674e+00
4.359999999999999987e-01 -1.946162663726161979e-01
4.369999999999999996e-01 -2.677351645576491190e-01
4.380000000000000004e-01 -4.666291021888211432e-01
4.390000000000000013e-01 2.915993470447004743e-01
4.400000000000000022e-01 -1.486381195025904045e+00
4.410000000000000031e-01 1.690461802698641103e+00
4.420000000000000040e-01 -1.087083573338024634e+00
4.430000000000000049e-01 4.278327118150283326e+00
4.440000000000000058e-01 1.401086050270429206e+00
4.450000000000000067e-01 4.088980240028802449e+00
4.460000000000000075e-01 -3.653697435338715938e+00
4.470000000000000084e-01 9.616568657280731847e-01
4.480000000000000093e-01 1.517615821336164572e+00
4.490000000000000102e-01 -2.447601202025494693e+00
4.500000000000000111e-01 -4.081993801978361702e+00
4.510000000000000120e-01 -1.570071462898109393e-02
4.520000000000000129e-01 -4.904087619866983605e-01
4.530000000000000138e-01 2.498879538667100775e+00
4.540000000000000147e-01 8.815868803827284772e-01
4.550000000000000155e-01 -2.341890964228396044e+00
4.560000000000000164e-01 -2.579755063855925012e+00
4.570000000000000173e-01 -3.965578883039657665e+00
4.580000000000000182e-01 -3.560382291742626215e+00
4.590000000000000191e-01 -8.740111917540261954e-01
4.600000000000000200e-01 2.264457265670796193e-01
4.610000000000000209e-01 1.992051037227460908e+00
4.620000000000000218e-01 -2.912463515024146687e+00
4.630000000000000226e-01 -5.051100963521598430e+00
4.640000000000000235e-01 -1.154296872732681667e+00
4.650000000000000244e-01 2.223125444391828687e+00
4.660000000000000253e-01 1.220880127691494899e+00
4.670000000000000262e-01 2.394735202523293083e+00
4.680000000000000271e-01 6.238258639566492292e+00
4.690000000000000280e-01 -5.647780006375053841e-01
4.700000000000000289e-01 -3.144219763703254067e+00
4.710000000000000298e-01 -4.669668679435302394e+00
4.720000000000000306e-01 1.164194975783584329e+00
4.730000000000000315e-01 -5.653463762635089651e+00
4.740000000000000324e-01 -1.078211007057104487e+00
4.750000000000000333e-01 4.039362182416719182e-01
4.760000000000000342e-01 4.960838677880552439e-01
4.770000000000000351e-01 1.921633668926908900e+00
4.780000000000000360e-01 3.730205411192750731e+00
4.790000000000000369e-01 3.307443371153791833e+00
4.799999999999999822e-01 -1.936904249830743163e+00
4.809999999999999831e-01 2.269217350733887084e+00
4.819999999999999840e-01 -4.558668967528585192e+00
4.829999999999999849e-01 -5.222562183120698975e+00
4.839999999999999858e-01 -6.400013873400869358e-01
4.849999999999999867e-01 4.418635634778724786e+00
4.859999999999999876e-01 2.323992489774227455e+00
4.869999999999999885e-01 3.766606823375411306e-01
4.879999999999999893e-01 -1.621614639093446719e+00
4.889999999999999902e-01 3.347802952181004432e+00
4.899999999999999911e-01 3.166736115762906145e+00
4.909999999999999920e-01 1.655457472570364130e+00
4.919999999999999929e-01 1.203576383135445571e+00
4.929999999999999938e-01 -1.854546640065671159e+00
4.939999999999999947e-01 -1.346719539185670556e+00
4.949999999999999956e-01 -1.305438719591856422e+00
4.959999999999999964e-01 3.054258948721439992e+00
4.969999999999999973e-01 3.964377029285823362e+00
4.979999999999999982e-01 -1.626399150660700954e+00
4.989999999999999991e-01 -5.255589344163570154e+00
5.000000000000000000e-01 -1.043109249300457675e+00
5.010000000000000009e-01 5.019629454696657334e+00
5.020000000000000018e-01 4.806638545065273771e-01
5.030000000000000027e-01 3.767069265112031662e+00
5.040000000000000036e-01 -8.558527707770078319e-01
5.050000000000000044e-01 4.571135062346928790e-01
5.060000000000000053e-01 2.949545224786656039e+00
5.070000000000000062e-01 -3.837971763112614454e+00
5.080000000000000071e-01 -5.815386509105935353e-02
5.090000000000000080e-01 8.012259392671305935e-02
5.100000000000000089e-01 4.249123713677335878e+00
5.110000000000000098e-01 -1.181623663046901251e+00
5.120000000000000107e-01 2.687036017499444984e+00
5.130000000000000115e-01 -3.959760986161526386e+00
5.140000000000000124e-01 -4.390644590457467800e+00
5.150000000000000133e-01 -4.016750236964150567e-02
5.160000000000000142e-01 1.345778686737233443e+00
5.170000000000000151e-01 -4.149940554695557005e+00
5.180000000000000160e-01 -2.952865565648838064e+00
5.190000000000000169e-01 2.064712219449815755e-02
5.200000000000000178e-01 4.924242571045472361e-01
5.210000000000000187e-01 2.124030489455635884e+00
5.220000000000000195e-01 3.199766807582605121e+00
5.230000000000000204e-01 2.987970333286201541e+00
5.240000000000000213e-01 9.718997969260408931e-01
5.250000000000000222e-01 5.417972429488873587e+00
5.260000000000000231e-01 1.176953995856532487e+00
5.270000000000000240e-01 1.861992704935251819e+00
5.280000000000000249e-01 -1.559266900072466377e+00
5.290000000000000258e-01 2.955836910544993756e+00
5.300000000000000266e-01 8.732515617673831665e-01
5.310000000000000275e-01 -2.838936553844394695e+00
5.320000000000000284e-01 -3.161081419524656155e-01
5.330000000000000293e-01 -2.365484997948882118e+00
5.340000000000000302e-01 -1.142116289450223920e+00
5.350000000000000311e-01 2.844323244392885197e+00
5.360000000000000320e-01 -9.369270245493285243e-01
5.370000000000000329e-01 1.464528878807315859e+00
5.380000000000000338e-01 -4.082775862046432280e+00
5.390000000000000346e-01 -3.539527808429878242e+00
5.400000000000000355e-01 -4.017620213055849154e-01
5.410000000000000364e-01 1.145091861248865195e+00
5.420000000000000373e-01 -2.032012313897628264e+00
5.430000000000000382e-01 4.254873583694818606e+00
5.440000000000000391e-01 5.139573993888868486e-01
5.450000000000000400e-01 -3.360600218742210821e+00
5.460000000000000409e-01 -1.787258909156733910e+00
5.470000000000000417e-01 -1.608248623830911939e+00
5.480000000000000426e-01 -7.440941080554356324e-01
5.490000000000000435e-01 7.148442413748072877e-01
5.500000000000000444e-01 4.480630690559832985e+00
5.510000000000000453e-01 1.219789824186092719e+00
5.520000000000000462e-01 -4.981563871406143873e-01
5.530000000000000471e-01 1.964435239057715776e+00
5.540000000000000480e-01 2.826563163601746531e+00
5.550000000000000488e-01 -1.628678157376624691e+00
5.560000000000000497e-01 -5.519897495281278488e+00
5.570000000000000506e-01 -2.196519655770931223e+00
5.580000000000000515e-01 7.990503566003142044e-01
5.590000000000000524e-01 -1.672388174948265860e+00
5.600000000000000533e-01 -5.892357955654381474e-01
5.610000000000000542e-01 1.108317559721155643e+00
5.620000000000000551e-01 4.033842756621105252e+00
5.630000000000000560e-01 -7.917985271809380166e-01
5.640000000000000568e-01 1.097563039275856411e+00
5.650000000000000577e-01 5.795806313969828594e+00
5.660000000000000586e-01 5.619387648069360530e+00
5.670000000000000595e-01 -5.102569304682120777e-01
5.680000000000000604e-01 1.339569177979108572e+00
5.690000000000000613e-01 5.336978872689400077e+00
5.700000000000000622e-01 2.066461006314300075e+00
5.710000000000000631e-01 -3.239826875512978877e+00
5.720000000000000639e-01 -4.318146705485835568e+00
5.730000000000000648e-01 -8.416486349352373386e-01
5.740000000000000657e-01 2.996874825453944791e+00
5.750000000000000666e-01 -2.268294202835575701e-01
5.760000000000000675e-01 1.094218223220949415e+00
5.769999999999999574e-01 -5.596881357473550977e-01
5.779999999999999583e-01 1.396620793562780349e+00
5.789999999999999591e-01 -9.056085550241996796e-01
5.799999999999999600e-01 -6.924872538814966783e-01
5.809999999999999609e-01 1.209075420568511028e+00
5.819999999999999618e-01 1.984788079675884997e+00
5.829999999999999627e-01 -1.170757377259901588e+00
5.839999999999999636e-01 1.246634728967354722e+00
5.849999999999999645e-01 4.786924541966861568e+00
5.859999999999999654e-01 3.531634608428768196e+00
5.869999999999999662e-01 3.271395962878403729e+00
5.879999999999999671e-01 -2.503658734807034936e-02
5.889999999999999680e-01 6.219351760812630303e-01
5.899999999999999689e-01 -7.359232640923266677e-01
5.909999999999999698e-01 1.451543046736419207e+00
5.919999999999999707e-01 4.320887664698297437e-02
5.929999999999999716e-01 -4.153437091536195780e+00
5.939999999999999725e-01 2.000749278956484023e-01
5.949999999999999734e-01 4.648523848158422345e-01
5.959999999999999742e-01 4.795598345653893091e-01
5.969999999999999751e-01 -2.091555579570871348e+00
5.979999999999999760e-01 -1.897273301137146539e+00
5.989999999999999769e-01 -2.624251123131323027e+00
5.999999999999999778e-01 1.035878997532188484e+00
6.009999999999999787e-01 6.358429983433124377e+00
6.019999999999999796e-01 1.753974753631730277e+00
6.029999999999999805e-01 -3.678188226663719806e+00
6.039999999999999813e-01 3.368807102485171789e+00
6.049999999999999822e-01 -1.937969948427516353e+00
6.059999999999999831e-01 4.439794467339669426e-01
6.069999999999999840e-01 9.202677778211745263e-01
6.079999999999999849e-01 -1.014912462164003770e+00
6.089999999999999858e-01 2.750595668510375180e+00
6.099999999999999867e-01 8.905178764045826867e-01
6.109999999999999876e-01 -1.396546276941252440e+00
6.119999999999999885e-01 5.437282857901009070e-01
6.129999999999999893e-01 -1.708733744492886064e+00
6.139999999999999902e-01 -4.912346361186874510e+00
6.149999999999999911e-01 -1.785621641326781806e+00
6.159999999999999920e-01 -7.419854123087146203e-01
6.169999999999999929e-01 -8.773564888281302210e-01
6.179999999999999938e-01 1.323892316930070034e+00
6.189999999999999947e-01 -3.918519361633497677e+00
6.199999999999999956e-01 -1.027582680807862081e+00
6.209999999999999964e-01 1.273381359752881803e+00
6.219999999999999973e-01 1.745000378217999693e+00
6.229999999999999982e-01 -3.557939500369017516e+00
6.239999999999999991e-01 -5.401447253861325848e+00
6.250000000000000000e-01 -3.739747804099210482e-01
6.260000000000000009e-01 2.515303302591170187e+00
6.270000000000000018e-01 4.023816747989632958e+00
6.280000000000000027e-01 -8.522072355558789614e-01
6.290000000000000036e-01 -1.585585919069434357e-01
6.300000000000000044e-01 -5.011901772894948870e+00
6.310000000000000053e-01 -2.066712147235286512e+00
6.320000000000000062e-01 -3.079882614997664803e+00
6.330000000000000071e-01 -2.841295759567435297e+00
6.340000000000000080e-01 -1.286481076357075981e+00
6.350000000000000089e-01 -2.771140532716447780e+00
6.360000000000000098e-01 -1.475483489880124788e+00
6.370000000000000107e-01 8.417774957792437673e-01
6.380000000000000115e-01 1.279689286969016848e-01
6.390000000000000124e-01 -5.013083436656391001e+00
6.400000000000000133e-01 2.684869949188752880e+00
6.410000000000000142e-01 1.640146414378104156e+00
6.420000000000000151e-01 1.936523483856395611e+00
6.430000000000000160e-01 4.130287002998441537e+00
6.440000000000000169e-01 -1.605577705004873845e+00
6.450000000000000178e-01 2.484404698619604446e+00
6.460000000000000187e-01 -2.912907087542909501e+00
6.470000000000000195e-01 2.876059660197752166e+00
6.480000000000000204e-01 -2.556463807466019311e+00
6.490000000000000213e-01 -1.633855201072640817e+00
6.500000000000000222e-01 -7.280795063085819807e-01
6.510000000000000231e-01 1.884289589232824413e+00
6.520000000000000240e-01 -3.103341912520886314e+00
6.530000000000000249e-01 1.807924690875869711e+00
6.540000000000000258e-01 -5.301238092542552849e+00
6.550000000000000266e-01 -2.201952555369285580e+00
6.560000000000000275e-01 -2.940795481810007495e+00
6.570000000000000284e-01 -5.017898191140541364e+00
6.580000000000000293e-01 1.797623948009608341e+00
6.590000000000000302e-01 2.790332549705777598e+00
6.600000000000000311e-01 1.136102756202435060e+00
6.610000000000000320e-01 3.273650436182411028e+00
6.620000000000000329e-01 1.062578793914329189e+00
6.630000000000000338e-01 4.670685565535068751e-01
6.640000000000000346e-01 6.701935380809937115e+00
6.650000000000000355e-01 1.481898533478813063e+00
6.660000000000000364e-01 2.418661842204939294e+00
6.670000000000000373e-01 1.858136863788304893e+00
6.680000000000000382e-01 4.863432755285377773e+00
6.690000000000000391e-01 1.151120743698551552e+00
6.700000000000000400e-01 1.104128934933980899e+00
6.710000000000000409e-01 -2.352365922165138290e+00
6.720000000000000417e-01 -2.360463735115883477e+00
6.730000000000000426e-01 8.354431422283172815e-01
6.740000000000000435e-01 -1.895096770356595295e+00
6.750000000000000444e-01 -1.746729375994995115e+00
6.760000000000000453e-01 -1.432529176467835841e+00
6.770000000000000462e-01 -4.972691847393638120e+00
6.780000000000000471e-01 5.520122614047946463e-01
6.790000000000000480e-01 4.744061755186846918e-01
6.800000000000000488e-01 2.363949060243998312e-01
6.810000000000000497e-01 -4.283415836507162844e+00
6.820000000000000506e-01 -2.552058998729958450e+00
6.830000000000000515e-01 -1.918104346133262306e+00
6.840000000000000524e-01 5.611907327720882854e+00
6.850000000000000533e-01 3.452739633896992899e+00
6.860000000000000542e-01 3.702308058842579186e+00
6.870000000000000551e-01 5.072837713683034266e+00
6.880000000000000560e-01 -1.542530173055278508e+00
6.890000000000000568e-01 -2.139235942325087958e+00
6.900000000000000577e-01 -1.542087269511035252e+00
6.910000000000000586e-01 -3.286826823956500832e+00
6.920000000000000595e-01 -1.948972138488967776e+00
6.930000000000000604e-01 3.576042586973904314e-01
6.940000000000000613e-01 3.691282062442150291e+00
6.950000000000000622e-01 3.781809888442107415e+00
6.960000000000000631e-01 -2.072459107478556994e+00
6.970000000000000639e-01 -3.780243444915869055e+00
6.980000000000000648e-01 -2.578357591739112387e+00
6.990000000000000657e-01 -6.004823117285937428e+00
7.000000000000000666e-01 1.869232000520351933e-01
7.010000000000000675e-01 4.290694793801566931e+00
7.020000000000000684e-01 -5.563027811663390221e-01
7.030000000000000693e-01 5.809798902953691169e+00
7.039999999999999591e-01 1.294383006035837225e+00
7.049999999999999600e-01 -2.494376796558082088e-01
7.059999999999999609e-01 -5.592444732026278231e-01
7.069999999999999618e-01 -9.060884621618302548e-01
7.079999999999999627e-01 -2.023008219642076888e+00
7.089999999999999636e-01 1.618980102889340689e+00
7.099999999999999645e-01 -4.325006493304306421e-02
7.109999999999999654e-01 -7.025415579795284415e-01
7.119999999999999662e-01 -1.770469747919050096e+00
7.129999999999999671e-01 -4.683891173219769666e-01
7.139999999999999680e-01 -4.372062602157397393e+00
7.149999999999999689e-01 1.195273192630230241e+00
7.159999999999999698e-01 -7.055411431274192235e-01
7.169999999999999707e-01 -1.599421251846092851e+00
7.179999999999999716e-01 2.855656701087082361e+00
7.189999999999999725e-01 -2.287546934828033507e+00
7.199999999999999734e-01 2.565181202090892398e+00
7.209999999999999742e-01 7.131081863237598295e-01
7.219999999999999751e-01 -3.180831954521508909e+00
7.229999999999999760e-01 -4.970856586504904584e+00
7.239999999999999769e-01 4.211871042563103629e+00
7.249999999999999778e-01 4.734103454310452097e-01
7.259999999999999787e-01 1.079522236689269388e+00
7.269999999999999796e-01 6.328832045341680868e+00
7.279999999999999805e-01 1.594594971382251813e+00
7.289999999999999813e-01 -1.221474754383075512e+00
7.299999999999999822e-01 1.518101652177200389e+00
7.309999999999999831e-01 1.414757776156784885e+00
7.319999999999999840e-01 -3.065551760464326314e+00
7.329999999999999849e-01 1.731165732578816563e+00
7.339999999999999858e-01 8.704265065083843789e-02
7.349999999999999867e-01 -2.186577717110051999e+00
7.359999999999999876e-01 -3.371457395791966238e+00
7.369999999999999885e-01 -1.495336344202889522e+00
7.379999999999999893e-01 2.129942189407021402e+00
7.389999999999999902e-01 1.741265511978756786e+00
7.399999999999999911e-01 -1.628130127697425822e-01
7.409999999999999920e-01 -4.254541775332478792e+00
7.419999999999999929e-01 -3.544353940284212356e+00
7.429999999999999938e-01 -2.836564513726751890e+00
7.439999999999999947e-01 4.367885514040174222e+00
7.449999999999999956e-01 4.754529780515968973e+00
7.459999999999999964e-01 2.220806396725679033e+00
7.469999999999999973e-01 1.276496406024584473e+00
7.479999999999999982e-01 -1.507177776949875092e+00
7.489999999999999991e-01 -2.037155120559324573e+00
7.500000000000000000e-01 -4.308401355396948240e+00
7.510000000000000009e-01 1.039942996524118257e+00
7.520000000000000018e-01 -3.873481074316186268e-01
7.530000000000000027e-01 -4.146731502391490937e-02
7.540000000000000036e-01 2.396127289659539361e+00
7.550000000000000044e-01 -3.150225563389465133e+00
7.560000000000000053e-01 -4.489589298599772960e+00
7.570000000000000062e-01 -2.682587491227733878e+00
7.580000000000000071e-01 -1.672046312512682764e+00
7.590000000000000080e-01 2.515333534404433635e+00
7.600000000000000089e-01 6.730007541346979538e-01
7.610000000000000098e-01 1.329448698385022887e+00
7.620000000000000107e-01 4.031134102523861173e+00
7.630000000000000115e-01 -2.145991922017389086e+00
7.640000000000000124e-01 2.796863559620892392e+00
7.650000000000000133e-01 -3.178618641478619278e+00
7.660000000000000142e-01 -4.549147450694144723e+00
7.670000000000000151e-01 -2.965874671635242432e-01
7.680000000000000160e-01 3.526982147514921451e+00
7.690000000000000169e-01 3.868664750190785817e+00
7.700000000000000178e-01 1.620063077612200253e+00
7.710000000000000187e-01 1.543187657842557403e-01
7.720000000000000195e-01 -1.572756862970289271e+00
7.730000000000000204e-01 1.734938604258398076e-01
7.740000000000000213e-01 -6.409248302805648834e+00
7.750000000000000222e-01 -3.174948240451023196e+00
7.760000000000000231e-01 -2.191459406012272737e+00
7.770000000000000240e-01 2.933600578187372854e+00
7.780000000000000249e-01 -2.229290363161855471e-01
7.790000000000000258e-01 -4.631616183510972817e+00
7.800000000000000266e-01 -7.302611904964892986e-01
7.810000000000000275e-01 -2.652830743103989697e+00
7.820000000000000284e-01 -8.414045948897544980e-01
7.830000000000000293e-01 -1.260806518221501360e+00
7.840000000000000302e-01 1.970642166413607121e+00
7.850000000000000311e-01 1.271363723928526479e+00
7.860000000000000320e-01 9.463069522833423841e-01
7.870000000000000329e-01 -4.557020017303239356e+00
7.880000000000000338e-01 5.964106896935219559e+00
7.890000000000000346e-01 7.941304234890076419e-01
7.900000000000000355e-01 -8.488164441899846979e-01
7.910000000000000364e-01 1.191287345607608739e+00
7.920000000000000373e-01 1.956588427625080673e+00
7.930000000000000382e-01 -1.938525290651003985e+00
7.940000000000000391e-01 -2.206098315654005937e+00
7.950000000000000400e-01 1.008373015563245989e+00
7.960000000000000409e-01 -2.981999994933015152e+00
7.970000000000000417e-01 -2.329257958937614781e+00
7.980000000000000426e-01 -1.983758764711876621e+00
7.990000000000000435e-01 2.437349538449768982e+00
8.000000000000000444e-01 1.884537217878130555e+00
8.010000000000000453e-01 -9.759169618792593592e-01
8.020000000000000462e-01 6.077984192257872564e-01
8.030000000000000471e-01 -7.184261857106086779e-01
8.040000000000000480e-01 6.249848541709014604e+00
8.050000000000000488e-01 -6.607917946295804867e-02
8.060000000000000497e-01 1.183941563745615877e+00
8.070000000000000506e-01 -1.625424751145562619e+00
8.080000000000000515e-01 -1.573622059478682722e+00
8.090000000000000524e-01 2.584731246790227255e-01
8.100000000000000533e-01 2.100211699166484536e+00
8.110000000000000542e-01 -1.337969491947496259e+00
8.120000000000000551e-01 -4.232218889101988957e+00
8.130000000000000560e-01 -2.728376443859242606e+00
8.140000000000000568e-01 -3.368958193430735548e-01
8.150000000000000577e-01 -5.954336626368322172e+00
8.160000000000000586e-01 -2.144193406021216219e+00
8.170000000000000595e-01 1.052060975808644105e-02
8.180000000000000604e-01 2.295709451306803928e+00
8.190000000000000613e-01 2.680228394359426058e+00
8.200000000000000622e-01 2.061699316974412888e+00
8.210000000000000631e-01 1.981370668181911654e+00
8.220000000000000639e-01 3.422099276183952377e+00
8.230000000000000648e-01 -6.026024493639763335e+00
8.240000000000000657e-01 -1.900722440471921848e+00
8.250000000000000666e-01 -1.741171951660578587e+00
8.260000000000000675e-01 5.354852760475299345e-01
8.270000000000000684e-01 1.913168839579909353e+00
8.280000000000000693e-01 3.982011639529787761e+00
8.290000000000000702e-01 -1.050968423324119438e+00
8.300000000000000711e-01 -6.176601850652686521e-01
8.310000000000000719e-01 -5.722230104966153919e-01
8.320000000000000728e-01 -3.783687545462705248e+00
8.329999999999999627e-01 -5.457995531665184252e+00
8.339999999999999636e-01 -2.779649071682432360e-01
8.349999999999999645e-01 -3.001632353358806848e-01
8.359999999999999654e-01 4.345642270256908635e-01
8.369999999999999662e-01 -1.336862144786371998e+00
8.379999999999999671e-01 1.013108125367850665e+00
8.389999999999999680e-01 -1.450094583813936744e+00
8.399999999999999689e-01 -3.782091733299868253e+00
8.409999999999999698e-01 9.372460765390858706e-01
8.419999999999999707e-01 2.900723905963364935e-01
8.429999999999999716e-01 1.820176655495512996e+00
8.439999999999999725e-01 2.084706629578510384e+00
8.449999999999999734e-01 -9.728137902666142978e-01
8.459999999999999742e-01 2.705445533673352942e-01
8.469999999999999751e-01 6.635956129413687954e+00
8.479999999999999760e-01 4.355639603865385512e-01
8.489999999999999769e-01 -8.676773259393196769e-01
8.499999999999999778e-01 2.632633751356399654e-01
8.509999999999999787e-01 -1.519227368303952108e+00
8.519999999999999796e-01 -2.262760273051128923e+00
8.529999999999999805e-01 9.740150940443101923e-01
8.539999999999999813e-01 -3.052353522046839185e+00
8.549999999999999822e-01 7.509190145859077070e-01
8.559999999999999831e-01 -1.650863706054130020e+00
8.569999999999999840e-01 -4.901455110505687607e+00
8.579999999999999849e-01 -1.795568009383317509e+00
8.589999999999999858e-01 -2.235127281973366742e+00
8.599999999999999867e-01 1.936185425842224195e+00
8.609999999999999876e-01 -2.458058568201373362e-01
8.619999999999999885e-01 -3.947160460314099950e+00
8.629999999999999893e-01 2.354247039858844204e+00
8.639999999999999902e-01 1.761896667109389636e+00
8.649999999999999911e-01 2.417572470114495609e+00
8.659999999999999920e-01 3.841338002549139041e+00
8.669999999999999929e-01 4.252905702818136291e+00
8.679999999999999938e-01 1.165866952677069968e+00
8.689999999999999947e-01 5.645666093056833645e-01
8.699999999999999956e-01 -7.130316715105932124e-01
8.709999999999999964e-01 -6.263278639337723774e-01
8.719999999999999973e-01 1.484100444614023795e+00
8.729999999999999982e-01 -6.004752353479934968e+00
8.739999999999999991e-01 -5.728785703302344601e+00
8.750000000000000000e-01 1.484538677687693209e+00
8.760000000000000009e-01 -1.122693692790042164e+00
8.770000000000000018e-01 -8.963565676296186835e-02
8.780000000000000027e-01 -3.298607905616822489e+00
8.790000000000000036e-01 -1.681342842365267209e+00
8.800000000000000044e-01 -6.483419227821587416e-01
8.810000000000000053e-01 -2.322008014632341855e+00
8.820000000000000062e-01 -5.031406899988533965e+00
8.830000000000000071e-01 3.232638617254814939e+00
8.840000000000000080e-01 -1.799998651732547472e+00
8.850000000000000089e-01 4.586780089005852545e+00
8.860000000000000098e-01 3.739645843412075177e+00
8.870000000000000107e-01 3.066892414173131076e+00
8.880000000000000115e-01 -6.573087440416486293e-02
8.890000000000000124e-01 -2.682337992252485925e+00
8.900000000000000133e-01 -1.343424245336742207e+00
8.910000000000000142e-01 -4.296572908499542987e-01
8.920000000000000151e-01 -1.739119773265909608e+00
8.930000000000000160e-01 3.003999082320549352e+00
8.940000000000000169e-01 -3.961123497142379435e+00
8.950000000000000178e-01 3.379985597026884392e+00
8.960000000000000187e-01 -1.749576918186919627e+00
8.970000000000000195e-01 -3.111116371927830748e+00
8.980000000000000204e-01 -4.262630105984732687e-01
8.990000000000000213e-01 -2.328454755530349196e+00
9.000000000000000222e-01 1.607521167945905383e+00
9.010000000000000231e-01 -1.802058613823455113e+00
9.020000000000000240e-01 3.850501584872450866e+00
9.030000000000000249e-01 -2.091216984226232700e+00
9.040000000000000258e-01 -4.015838540793662759e+00
9.050000000000000266e-01 -2.208052195394058614e+00
9.060000000000000275e-01 2.271790007338480688e+00
9.070000000000000284e-01 -4.176801822101406714e+00
9.080000000000000293e-01 1.205902987708541207e+00
9.090000000000000302e-01 2.908260788204665381e+00
9.100000000000000311e-01 -1.650961606844496110e+00
9.110000000000000320e-01 6.342838152428175169e-01
9.120000000000000329e-01 2.088369189130670378e+00
9.130000000000000338e-01 1.518154912875111062e+00
9.140000000000000346e-01 -6.753015300836844315e-01
9.150000000000000355e-01 -7.540387994274653671e+00
9.160000000000000364e-01 -5.633466166343945591e-01
9.170000000000000373e-01 4.304925753866657434e-01
9.180000000000000382e-01 -8.595927012195825334e-01
9.190000000000000391e-01 8.046399606175507202e-01
9.200000000000000400e-01 4.911148349985196560e-01
9.210000000000000409e-01 -1.108126150087779482e+00
9.220000000000000417e-01 8.778134419650222009e-01
9.230000000000000426e-01 1.670745998484034711e+00
9.240000000000000435e-01 1.663616645044986964e+00
9.250000000000000444e-01 2.597492718177875304e+00
9.260000000000000453e-01 1.994562874171627698e+00
9.270000000000000462e-01 2.731783140329281157e+00
9.280000000000000471e-01 4.679220352684243522e-02
9.290000000000000480e-01 2.217670238850956377e+00
9.300000000000000488e-01 6.028609961367124903e+00
9.310000000000000497e-01 -6.777719760745906541e+00
9.320000000000000506e-01 7.951917312917045066e-02
9.330000000000000515e-01 1.824036721852176690e+00
9.340000000000000524e-01 -7.597524732586786733e-01
9.350000000000000533e-01 1.821621349184182392e+00
9.360000000000000542e-01 -4.504323793971266032e-01
9.370000000000000551e-01 -3.692132461991602388e-01
9.380000000000000560e-01 -1.221224146997277327e-01
9.390000000000000568e-01 -1.151892159597371679e+00
9.400000000000000577e-01 -2.195504803286967288e+00
9.410000000000000586e-01 1.895099137754260088e+00
9.420000000000000595e-01 3.569178264323644267e+00
9.430000000000000604e-01 1.388449913687787252e+00
9.440000000000000613e-01 6.656532323048938160e+00
9.450000000000000622e-01 4.146786063767134323e+00
9.460000000000000631e-01 6.614548501099255517e-01
9.470000000000000639e-01 1.582149608458875312e+00
9.480000000000000648e-01 8.613901118584176286e-01
9.490000000000000657e-01 4.671782373983274783e-01
9.500000000000000666e-01 5.526709825342045884e-02
9.510000000000000675e-01 6.749150721204584258e-01
9.520000000000000684e-01 3.056612898534102563e+00
9.530000000000000693e-01 -3.387446247357304596e+00
9.540000000000000702e-01 -3.986369941802325179e-01
9.550000000000000711e-01 -5.122150691190572758e+00
9.560000000000000719e-01 1.524723858639151164e+00
9.570000000000000728e-01 -7.870291398412760930e-01
9.580000000000000737e-01 1.988920935710693616e+00
9.590000000000000746e-01 4.514922561010376589e-01
9.599999999999999645e-01 -2.399448401385718022e+00
9.609999999999999654e-01 5.614043463564334147e+00
9.619999999999999662e-01 4.373342991292430426e-01
9.629999999999999671e-01 2.816980638585728336e+00
9.639999999999999680e-01 2.502034597282145612e-01
9.649999999999999689e-01 1.872604544075705757e+00
9.659999999999999698e-01 1.006458298723644562e+00
9.669999999999999707e-01 2.880567129591851128e-01
9.679999999999999716e-01 1.791027026535077837e+00
9.689999999999999725e-01 -3.128422413733049634e-01
9.699999999999999734e-01 -1.990131681900811023e+00
9.709999999999999742e-01 8.809324875776320951e-01
9.719999999999999751e-01 4.111279853107216553e+00
9.729999999999999760e-01 1.406366613411378141e+00
9.739999999999999769e-01 1.720237162073400050e+00
9.749999999999999778e-01 -1.932944816528333387e+00
9.759999999999999787e-01 -3.272642010545975921e+00
9.769999999999999796e-01 9.165707716152133866e-01
9.779999999999999805e-01 -1.091982458348199625e+00
9.789999999999999813e-01 -2.164004353222667820e+00
9.799999999999999822e-01 -2.604414486441134713e+00
9.809999999999999831e-01 2.647803871483737082e-01
9.819999999999999840e-01 -2.281134866738874223e+00
9.829999999999999849e-01 4.198891829305893886e+00
9.839999999999999858e-01 2.353994952419677489e+00
9.849999999999999867e-01 5.332287306230893975e+00
9.859999999999999876e-01 9.026199631705364990e-01
9.869999999999999885e-01 -2.577033549843774196e+00
9.879999999999999893e-01 -1.959955198091272166e+00
9.889999999999999902e-01 3.983508226928233142e+00
9.899999999999999911e-01 -3.150820448270491347e+00
9.909999999999999920e-01 3.182409846890574379e+00
9.919999999999999929e-01 1.334165958017974885e-01
9.929999999999999938e-01 6.152283521121481025e-01
9.939999999999999947e-01 -1.330665748781969082e+00
9.949999999999999956e-01 -3.850205932340234893e-01
9.959999999999999964e-01 4.221439959634638583e-01
9.969999999999999973e-01 1.218961942712180946e+00
9.979999999999999982e-01 1.354857299568501539e-02
9.989999999999999991e-01 -1.484647191359062868e+00
